1698.820224	3.68875123
1695.383059	3.68905752
1691.945894	3.689365809
1688.508729	3.689676116
1685.071564	3.689988457
1681.6344	3.690302852
1678.197235	3.690619319
1674.76007	3.690937876
1671.322905	3.691258542
1667.88574	3.691581336
1664.448576	3.691906277
1661.011411	3.692233386
1657.574246	3.692562681
1654.137081	3.692894183
1650.699916	3.693227911
1647.262752	3.693563886
1643.825587	3.69390213
1640.388422	3.694242661
1636.951257	3.694585503
1633.514092	3.694930676
1630.076927	3.695278201
1626.639763	3.695628101
1623.202598	3.695980398
1619.765433	3.696335114
1616.328268	3.696692272
1612.891103	3.697051894
1609.453939	3.697414005
1606.016774	3.697778628
1602.579609	3.698145785
1599.142444	3.698515502
1595.705279	3.698887804
1592.268115	3.699262713
1588.83095	3.699640256
1585.393785	3.700020458
1581.95662	3.700403344
1578.519455	3.700788941
1575.082291	3.701177274
1571.645126	3.70156837
1568.207961	3.701962257
1564.770796	3.70235896
1561.333631	3.702758508
1557.896466	3.703160929
1554.459302	3.703566251
1551.022137	3.703974503
1547.584972	3.704385713
1544.147807	3.704799912
1540.710642	3.705217128
1537.273478	3.705637392
1533.836313	3.706060734
1530.399148	3.706487185
1526.961983	3.706916777
1523.524818	3.707349541
1520.087654	3.70778551
1516.650489	3.708224715
1513.213324	3.708667191
1509.776159	3.709112969
1506.338994	3.709562085
1502.901829	3.710014572
1499.464665	3.710470465
1496.0275	3.710929799
1492.590335	3.71139261
1489.15317	3.711858934
1485.716005	3.712328808
1482.278841	3.712802269
1478.841676	3.713279354
1475.404511	3.713760102
1471.967346	3.714244551
1468.530181	3.71473274
1465.093017	3.71522471
1461.655852	3.715720499
1458.218687	3.71622015
1454.781522	3.716723703
1451.344357	3.717231201
1447.907193	3.717742685
1444.470028	3.7182582
1441.032863	3.718777789
1437.595698	3.719301495
1434.158533	3.719829365
1430.721368	3.720361443
1427.284204	3.720897776
1423.847039	3.721438411
1420.409874	3.721983396
1416.972709	3.722532778
1413.535544	3.723086607
1410.09838	3.723644932
1406.661215	3.724207803
1403.22405	3.724775273
1399.786885	3.725347392
1396.34972	3.725924213
1392.912556	3.72650579
1389.475391	3.727092176
1386.038226	3.727683427
1382.601061	3.728279599
1379.163896	3.728880748
1375.726732	3.729486932
1372.289567	3.730098208
1368.852402	3.730714637
1365.415237	3.731336278
1361.978072	3.731963192
1358.540907	3.732595442
1355.103743	3.73323309
1351.666578	3.7338762
1348.229413	3.734524837
1344.792248	3.735179067
1341.355083	3.735838956
1337.917919	3.736504573
1334.480754	3.737175987
1331.043589	3.737853268
1327.606424	3.738536487
1324.169259	3.739225716
1320.732095	3.739921028
1317.29493	3.7406225
1313.857765	3.741330205
1310.4206	3.742044222
1306.983435	3.742764629
1303.546271	3.743491506
1300.109106	3.744224932
1296.671941	3.744964992
1293.234776	3.745711767
1289.797611	3.746465344
1286.360446	3.747225808
1282.923282	3.747993248
1279.486117	3.748767752
1276.048952	3.749549413
1272.611787	3.750338321
1269.174622	3.751134571
1265.737458	3.751938259
1262.300293	3.752749481
1258.863128	3.753568337
1255.425963	3.754394928
1251.988798	3.755229355
1248.551634	3.756071722
1245.114469	3.756922137
1241.677304	3.757780706
1238.240139	3.758647539
1234.802974	3.759522748
1231.365809	3.760406447
1227.928645	3.761298752
1224.49148	3.76219978
1221.054315	3.763109652
1217.61715	3.764028489
1214.179985	3.764956417
1210.742821	3.765893562
1207.305656	3.766840053
1203.868491	3.767796022
1200.431326	3.768761602
1196.994161	3.769736931
1193.556997	3.770722148
1190.119832	3.771717395
1186.682667	3.772722815
1183.245502	3.773738557
1179.808337	3.774764771
1176.371173	3.77580161
1172.934008	3.77684923
1169.496843	3.77790779
1166.059678	3.778977454
1162.622513	3.780058386
1159.185348	3.781150757
1155.748184	3.782254738
1152.311019	3.783370506
1148.873854	3.78449824
1145.436689	3.785638125
1141.999524	3.786790346
1138.56236	3.787955096
1135.125195	3.78913257
1131.68803	3.790322966
1128.250865	3.79152649
1124.8137	3.792743348
1121.376536	3.793973755
1117.939371	3.795217926
1114.502206	3.796476084
1111.065041	3.797748457
1107.627876	3.799035276
1104.190712	3.800336779
1100.753547	3.801653209
1097.316382	3.802984814
1093.879217	3.804331849
1090.442052	3.805694573
1087.004887	3.807073253
1083.567723	3.808468162
1080.130558	3.809879578
1076.693393	3.811307789
1073.256228	3.812753086
1069.819063	3.814215771
1066.381899	3.81569615
1062.944734	3.817194539
1059.507569	3.818711263
1056.070404	3.820246652
1052.633239	3.821801047
1049.196075	3.823374798
1045.75891	3.824968264
1042.321745	3.826581812
1038.88458	3.828215823
1035.447415	3.829870683
1032.010251	3.831546794
1028.573086	3.833244567
1025.135921	3.834964424
1021.698756	3.8367068
1018.261591	3.838472145
1014.824426	3.840260919
1011.387262	3.842073598
1007.950097	3.843910673
1004.512932	3.845772649
1001.075767	3.847660048
997.6386024	3.84957341
994.2014376	3.851513291
990.7642728	3.853480266
989.2596324	3.85435
988.4765353	3.854804774
987.6934382	3.855261006
986.9103411	3.855718704
986.127244	3.856177875
985.344147	3.856638526
984.5610499	3.857100666
983.7779528	3.857564302
982.9948557	3.858029442
982.2117586	3.858496092
981.4286615	3.858964262
980.6455644	3.859433959
979.8624673	3.85990519
979.0793702	3.860377964
978.2962731	3.86085229
977.513176	3.861328174
976.7300789	3.861805625
975.9469819	3.862284652
975.1638848	3.862765263
974.3807877	3.863247467
973.5976906	3.863731271
972.8145935	3.864216684
972.0314964	3.864703715
971.2483993	3.865192373
970.4653022	3.865682667
969.6822051	3.866174605
968.899108	3.866668196
968.1160109	3.86716345
967.3329138	3.867660376
966.5498168	3.868158982
965.7667197	3.868659278
964.9836226	3.869161274
964.2005255	3.869664979
963.4174284	3.870170403
962.6343313	3.870677554
961.8512342	3.871186444
961.0681371	3.871697081
960.28504	3.872209477
959.5019429	3.87272364
958.7188458	3.873239581
957.9357487	3.873757311
957.1526517	3.874276839
956.3695546	3.874798177
955.5864575	3.875321334
954.8033604	3.875846321
954.0202633	3.87637315
953.2371662	3.876901831
952.4540691	3.877432376
951.670972	3.877964795
950.8878749	3.878499099
950.1047778	3.8790353
949.3216807	3.879573411
948.5385837	3.880113441
947.7554866	3.880655404
946.9723895	3.881199311
946.1892924	3.881745174
945.4061953	3.882293005
944.6230982	3.882842817
943.8400011	3.883394623
943.056904	3.883948434
942.2738069	3.884504264
941.4907098	3.885062126
940.7076127	3.885622034
939.9245156	3.886183999
939.1414186	3.886748036
938.3583215	3.887314159
937.5752244	3.887882381
936.7921273	3.888452716
936.0090302	3.889025179
935.2259331	3.889599784
934.442836	3.890176546
933.6597389	3.89075548
932.8766418	3.8913366
932.0935447	3.891919921
931.3104476	3.892505461
930.5273505	3.893093233
929.7442535	3.893683255
928.9611564	3.894275542
928.1780593	3.89487011
927.3949622	3.895466978
926.6118651	3.89606616
925.828768	3.896667676
925.0456709	3.897271543
924.2625738	3.897877778
923.4794767	3.898486399
922.6963796	3.899097426
921.9132825	3.899710877
921.1301854	3.900326772
920.3470884	3.900945129
919.5639913	3.90156597
918.7808942	3.902189314
917.9977971	3.902815182
917.2147	3.903443596
916.4316029	3.904074577
915.6485058	3.904708147
914.8654087	3.90534433
914.0823116	3.905983148
913.2992145	3.906624626
912.5161174	3.907268787
911.7330203	3.907915657
910.9499233	3.908565261
910.1668262	3.909217626
909.3837291	3.909872779
908.600632	3.910530747
907.8175349	3.91119156
907.0344378	3.911855247
906.2513407	3.912521839
905.4682436	3.913191367
904.6851465	3.913863864
903.9020494	3.914539365
903.1189523	3.915217904
902.3358552	3.915899518
901.5527582	3.916584246
900.7696611	3.917272128
899.986564	3.917963206
899.2034669	3.918657524
898.4203698	3.919355129
897.6372727	3.920056071
896.8541756	3.920760402
896.0710785	3.921468178
895.2879814	3.922179461
894.5048843	3.922894316
893.7217872	3.923612815
892.9386902	3.924335038
892.1555931	3.925061074
891.372496	3.925791026
890.5893989	3.926525013
889.8063018	3.927263182
889.0232047	3.92800572
888.2401076	3.928752898
887.4570105	3.929505272
886.6739134	3.930263463
885.8908163	3.93102664
885.1077192	3.931794429
884.3246221	3.932566621
883.5415251	3.933343069
882.758428	3.934123664
881.9753309	3.934908315
881.1922338	3.93569695
880.4091367	3.936489505
879.6260396	3.937285926
878.8429425	3.938086166
878.0598454	3.938890183
877.2767483	3.939697939
876.4936512	3.940509401
875.7105541	3.941324538
874.927457	3.942143322
874.14436	3.942965729
873.3612629	3.943791734
872.5781658	3.944621317
871.7950687	3.945454458
871.0119716	3.946291138
870.2288745	3.947131342
869.4457774	3.947975054
868.6626803	3.948822259
867.8795832	3.949672943
867.0964861	3.950527095
866.313389	3.951384703
865.5302919	3.952245757
864.7471949	3.953110245
863.9640978	3.95397816
863.1810007	3.954849491
862.3979036	3.955724233
861.6148065	3.956602376
860.8317094	3.957483914
860.0486123	3.958368841
859.2655152	3.959257151
858.4824181	3.960148839
857.699321	3.961043898
856.9162239	3.961942326
856.1331268	3.962844117
855.3500298	3.963749269
854.5669327	3.964657776
853.7838356	3.965569637
853.0007385	3.966484849
852.2176414	3.967403408
851.4345443	3.968325314
850.6514472	3.969250563
849.8683501	3.970179155
849.085253	3.971111088
848.3021559	3.972046362
847.5190588	3.972984974
846.7359617	3.973926925
845.9528647	3.974872214
845.1697676	3.975820841
844.3866705	3.976772807
843.6035734	3.977728111
842.8204763	3.978686755
842.0373792	3.979648738
841.2542821	3.980614062
840.471185	3.981582727
839.6880879	3.982554736
838.9049908	3.98353009
838.1218937	3.984508789
837.3387967	3.985490837
836.5556996	3.986476235
835.7726025	3.987464985
834.9895054	3.98845709
834.2064083	3.989452552
833.4233112	3.990451373
832.6402141	3.991453557
831.857117	3.992459107
831.0740199	3.993468025
830.2909228	3.994480314
829.5078257	3.995495979
828.7247286	3.996515022
827.9416316	3.997537448
827.1585345	3.998563259
826.3754374	3.999592461
825.5923403	4.000625056
824.8092432	4.00166105
824.0261461	4.002700446
823.243049	4.003743249
822.4599519	4.004789463
821.6768548	4.005839094
820.8937577	4.006892145
820.1106606	4.007948623
819.3275635	4.009008531
818.5444665	4.010071876
817.7613694	4.011138661
816.9782723	4.012208894
816.1951752	4.013282578
815.4120781	4.014359721
814.628981	4.015440327
813.8458839	4.016524403
813.0627868	4.017611954
812.2796897	4.018702986
811.4965926	4.019797506
810.7134955	4.02089552
809.9303984	4.021997035
809.1473014	4.023102056
808.3642043	4.024210591
807.5811072	4.025322646
806.7980101	4.026438228
806.014913	4.027557344
805.2318159	4.028680001
804.4487188	4.029806206
803.6656217	4.030935967
802.8825246	4.03206929
802.0994275	4.033206184
801.3163304	4.034346656
800.5332333	4.035490713
799.7501363	4.036638363
798.9670392	4.037789615
798.1839421	4.038944475
797.400845	4.040102953
796.6177479	4.041265057
795.8346508	4.042430794
795.0515537	4.043600173
794.2684566	4.044773203
793.4853595	4.045949893
792.7022624	4.04713025
791.9191653	4.048314284
791.1360683	4.049502004
790.3529712	4.050693419
789.5698741	4.051888538
788.786777	4.053087369
788.0036799	4.054289924
787.2205828	4.05549621
786.4374857	4.056706238
785.6543886	4.057920017
784.8712915	4.059137557
784.0881944	4.060358868
783.3050973	4.06158396
782.5220002	4.062812843
781.7389032	4.064045527
780.9558061	4.065282023
780.172709	4.06652234
779.3896119	4.06776649
778.6065148	4.069014483
777.8234177	4.070266329
777.0403206	4.071522041
776.2572235	4.072781628
775.4741264	4.074045102
774.6910293	4.075312474
773.9079322	4.076583755
773.1248351	4.077858956
772.3417381	4.07913809
771.558641	4.080421168
770.7755439	4.081708202
769.9924468	4.082999203
769.2093497	4.084294184
768.4262526	4.085593156
767.6431555	4.086896133
766.8600584	4.088203126
766.0769613	4.089514148
765.2938642	4.090829211
764.5107671	4.092148328
763.72767	4.093471513
762.944573	4.094798778
762.1614759	4.096130136
761.3783788	4.0974656
760.5952817	4.098805184
759.8121846	4.100148902
759.0290875	4.101496767
758.2459904	4.102848792
757.4628933	4.104204992
756.6797962	4.105565381
755.8966991	4.106929973
755.113602	4.108298783
754.3305049	4.109671824
753.5474079	4.111049111
752.7643108	4.11243066
751.9812137	4.113816484
751.1981166	4.1152066
750.4150195	4.116601022
749.6319224	4.117999766
748.8488253	4.119402847
748.0657282	4.12081028
747.2826311	4.122222083
746.499534	4.123638269
745.7164369	4.125058857
744.9333398	4.126483862
744.1502428	4.1279133
743.3671457	4.129347188
742.5840486	4.130785544
741.8009515	4.132228383
741.0178544	4.133675723
740.2347573	4.135127582
739.4516602	4.136583977
738.6685631	4.138044925
737.885466	4.139510445
737.1023689	4.140980555
736.3192718	4.142455272
735.5361748	4.143934616
734.7530777	4.145418605
733.9699806	4.146907258
733.1868835	4.148400594
732.4037864	4.149898632
731.6206893	4.151401391
730.8375922	4.152908893
730.0544951	4.154421155
729.271398	4.1559382
728.4883009	4.157460046
727.7052038	4.158986715
726.9221067	4.160518228
726.1390097	4.162054605
725.3559126	4.163595869
724.5728155	4.16514204
723.7897184	4.166693141
723.0066213	4.168249194
722.2235242	4.169810221
721.4404271	4.171376245
720.65733	4.172947289
719.8742329	4.174523377
719.0911358	4.176104531
718.3080387	4.177690777
717.5249416	4.179282138
716.7418446	4.180878639
715.9587475	4.182480304
715.1756504	4.18408716
714.3925533	4.185699231
713.6094562	4.187316543
712.8263591	4.188939124
712.043262	4.190567
711.2601649	4.192200197
710.4770678	4.193838744
709.6939707	4.195482669
708.9108736	4.197131999
708.1277765	4.198786764
707.3446795	4.200446993
706.5615824	4.202112716
705.7784853	4.203783964
704.9953882	4.205460766
704.2122911	4.207143155
703.429194	4.208831162
702.6460969	4.21052482
701.8629998	4.212224161
701.0799027	4.213929221
700.2968056	4.215640032
699.5137085	4.21735663
698.7306114	4.219079051
697.9475144	4.22080733
697.1644173	4.222541505
696.3813202	4.224281615
695.5982231	4.226027697
694.815126	4.227779791
694.0320289	4.229537938
693.2489318	4.231302179
692.4658347	4.233072557
691.6827376	4.234849114
690.8996405	4.236631895
690.1165434	4.238420946
689.3334463	4.240216313
688.5503493	4.242018045
687.7672522	4.24382619
686.9841551	4.245640799
686.201058	4.247461925
685.4179609	4.24928962
684.6348638	4.25112394
683.8517667	4.252964941
683.0686696	4.254812683
682.2855725	4.256667225
681.5024754	4.258528631
680.7193783	4.260396965
679.9362813	4.262272294
679.1531842	4.264154687
678.3700871	4.266044217
677.58699	4.267940957
676.8038929	4.269844987
676.0207958	4.271756386
675.2376987	4.273675239
674.4546016	4.275601634
673.6715045	4.277535663
672.8884074	4.279477421
672.1053103	4.28142701
671.3222132	4.283384536
670.5391162	4.285350108
669.7560191	4.287323844
668.972922	4.289305866
668.1898249	4.291296305
667.4067278	4.293295297
666.6236307	4.295302988
665.8405336	4.297319532
665.0574365	4.299345093
664.2743394	4.301379845
663.4912423	4.303423974
662.7081452	4.30547768
661.9250481	4.307541174
661.1419511	4.309614686
660.358854	4.31169846
659.5757569	4.313792763
658.7926598	4.315897878
658.0095627	4.318014114
657.2264656	4.320141807
656.4433685	4.322281319
655.6602714	4.324433045
654.8771743	4.326597415
654.0940772	4.3287749
653.3109801	4.330966012
652.527883	4.333171314
651.744786	4.335391423
650.9616889	4.337627016
650.1785918	4.339878838
649.3954947	4.342147708
648.6123976	4.344434528
647.8293005	4.346740294
647.0462034	4.3490661
646.2631063	4.351413155
645.4800092	4.353782786
644.6969121	4.356176457
643.913815	4.358595771
643.1307179	4.361042486
642.3476209	4.363518519
641.5645238	4.366025951
640.7814267	4.368567026
639.9983296	4.371144144
639.2152325	4.373759837
638.4321354	4.376416735
637.6490383	4.379117499
636.8659412	4.381864723
636.0828441	4.38466078
635.299747	4.38750759
634.5166499	4.390406279
633.7335528	4.393356665
632.9504558	4.396356499
632.1673587	4.399400319
631.3842616	4.402477696
630.6011645	4.405570481
629.8180674	4.40864829
629.0349703	4.411660675
628.2518732	4.41452215
627.4687761	4.41707879
626.685679	4.419007986
625.9025819	4.418891122
625.1194848	4.418320574
624.3363878	4.418975365
623.5532907	4.420024169
622.7701936	4.421298507
621.9870965	4.422725023
621.2039994	4.424263696
620.4209023	4.425889849
619.6378052	4.427587015
618.8547081	4.429343584
618.071611	4.431151023
617.2885139	4.433002857
616.5054168	4.434894046
615.7223197	4.436820585
614.9392227	4.438779231
614.1561256	4.440767324
613.3730285	4.442782653
612.5899314	4.444823358
611.8068343	4.446887861
611.0237372	4.448974812
610.2406401	4.451083046
609.457543	4.453211553
608.6744459	4.455359451
607.8913488	4.457525966
607.1082517	4.459710415
606.3251546	4.461912195
605.5420576	4.464130768
604.7589605	4.466365654
603.9758634	4.468616426
603.1927663	4.470882698
602.4096692	4.473164125
601.6265721	4.475460395
600.843475	4.477771226
600.0603779	4.480096363
599.2772808	4.482435576
598.4941837	4.484788655
597.7110866	4.48715541
596.9279895	4.489535669
596.1448925	4.491929273
595.3617954	4.49433608
594.5786983	4.496755961
593.7956012	4.499188796
593.0125041	4.501634477
592.229407	4.504092907
591.4463099	4.506563997
590.6632128	4.509047666
589.8801157	4.511543841
589.0970186	4.514052455
588.3139215	4.516573449
587.5308244	4.519106768
586.7477274	4.521652365
585.9646303	4.524210197
585.1815332	4.526780224
584.3984361	4.529362414
583.615339	4.531956735
582.8322419	4.534563162
582.0491448	4.537181672
581.2660477	4.539812247
580.4829506	4.54245487
579.6998535	4.545109529
578.9167564	4.547776212
578.1336594	4.550454913
577.3505623	4.553145626
576.5674652	4.555848348
575.7843681	4.558563079
575.001271	4.561289819
574.2181739	4.564028571
573.4350768	4.566779342
572.6519797	4.569542136
571.8688826	4.572316963
571.0857855	4.575103833
570.3026884	4.577902755
569.5195913	4.580713743
568.7364943	4.583536811
567.9533972	4.586371973
567.1703001	4.589219246
566.387203	4.592078646
565.6041059	4.594950192
564.8210088	4.597833903
564.0379117	4.600729798
563.2548146	4.603637899
562.4717175	4.606558227
561.6886204	4.609490804
560.9055233	4.612435653
560.1224262	4.615392798
559.3393292	4.618362263
558.5562321	4.621344073
557.773135	4.624338253
556.9900379	4.627344828
556.2069408	4.630363825
555.4238437	4.633395271
554.6407466	4.636439192
553.8576495	4.639495615
553.0745524	4.642564569
552.2914553	4.64564608
551.5083582	4.648740178
550.7252611	4.651846889
549.9421641	4.654966243
549.159067	4.658098267
548.3759699	4.661242991
547.5928728	4.664400443
546.8097757	4.667570652
546.0266786	4.670753646
545.2435815	4.673949454
544.4604844	4.677158104
543.6773873	4.680379625
542.8942902	4.683614045
542.1111931	4.686861392
541.328096	4.690121694
540.544999	4.69339498
539.7619019	4.696681275
538.9788048	4.699980608
538.1957077	4.703293005
537.4126106	4.706618492
536.6295135	4.709957096
535.8464164	4.713308842
535.0633193	4.716673756
534.2802222	4.720051862
533.4971251	4.723443184
532.714028	4.726847745
531.9309309	4.730265569
531.1478339	4.733696678
530.3647368	4.737141093
529.5816397	4.740598836
528.7985426	4.744069925
528.0154455	4.747554382
527.2323484	4.751052223
526.4492513	4.754563467
525.6661542	4.75808813
524.8830571	4.761626227
524.09996	4.765177774
523.3168629	4.768742784
522.5337659	4.772321268
521.7506688	4.775913239
520.9675717	4.779518706
520.1844746	4.783137678
519.4013775	4.786770162
518.6182804	4.790416165
517.8351833	4.79407569
517.0520862	4.797748741
516.2689891	4.801435319
515.485892	4.805135425
514.7027949	4.808849055
513.9196978	4.812576208
513.1366008	4.816316876
512.3535037	4.820071054
511.5704066	4.823838732
510.7873095	4.827619899
510.0042124	4.831414541
509.2211153	4.835222644
508.4380182	4.839044188
507.6549211	4.842879156
506.871824	4.846727523
506.0887269	4.850589266
505.3056298	4.854464356
504.5225327	4.858352764
503.7394357	4.862254458
502.9563386	4.8661694
502.1732415	4.870097554
501.3901444	4.874038877
500.6070473	4.877993325
499.8239502	4.881960849
499.0408531	4.885941399
498.257756	4.88993492
497.4746589	4.893941354
496.6915618	4.897960639
495.9084647	4.901992709
495.1253676	4.906037495
494.3422706	4.910094923
493.5591735	4.914164916
492.7760764	4.918247391
491.9929793	4.922342262
491.2098822	4.926449438
490.4267851	4.930568824
489.643688	4.934700319
488.8605909	4.938843817
488.0774938	4.942999209
487.2943967	4.947166377
486.5112996	4.951345201
485.7282025	4.955535553
484.9451055	4.959737302
484.1620084	4.963950307
483.3789113	4.968174423
482.5958142	4.972409501
481.8127171	4.97665538
481.02962	4.980911898
480.2465229	4.985178882
479.4634258	4.989456153
478.6803287	4.993743526
477.8972316	4.998040806
477.1141345	5.002347792
476.3310374	5.006664275
475.5479404	5.010990036
474.7648433	5.015324849
473.9817462	5.019668479
473.1986491	5.024020682
472.415552	5.028381204
471.6324549	5.032749782
470.8493578	5.037126142
470.0662607	5.041510002
469.2831636	5.045901069
468.5000665	5.050299036
467.7169694	5.05470359
466.9338724	5.059114404
466.1507753	5.063531138
465.3676782	5.067953442
464.5845811	5.072380954
463.801484	5.076813296
463.0183869	5.081250082
462.2352898	5.085690908
461.4521927	5.090135357
460.6690956	5.094583001
459.8859985	5.099033392
459.1029014	5.103486072
458.3198043	5.107940564
457.5367073	5.112396376
456.7536102	5.116853002
455.9705131	5.121309914
455.187416	5.125766572
454.4043189	5.130222416
453.6212218	5.134676866
452.8381247	5.139129326
452.0550276	5.143579179
451.2719305	5.148025789
450.4888334	5.1524685
449.7057363	5.156906633
448.9226392	5.16133949
448.1395422	5.165766349
447.3564451	5.170186466
446.573348	5.174599075
445.7902509	5.179003384
445.0071538	5.183398578
444.2240567	5.187783816
443.4409596	5.19215823
442.6578625	5.196520929
441.8747654	5.200870991
441.0916683	5.205207467
440.3085712	5.209529382
439.5254741	5.213835729
438.7423771	5.21812547
437.95928	5.222397539
437.1761829	5.226650836
436.3930858	5.230884231
435.6099887	5.235096556
434.8268916	5.239286615
434.0437945	5.243453172
433.2606974	5.247594958
432.4776003	5.251710667
431.6945032	5.255798953
430.9114061	5.259858436
430.128309	5.263887693
429.345212	5.267885262
428.5621149	5.271849639
427.7790178	5.27577928
426.9959207	5.279672595
426.2128236	5.283527952
425.4297265	5.287343674
424.6466294	5.291118037
423.8635323	5.294849269
423.0804352	5.298535553
422.2973381	5.302175021
421.514241	5.305765754
420.7311439	5.309305785
419.9480469	5.312793091
419.1649498	5.3162256
418.3818527	5.319601183
417.5987556	5.322917656
416.8156585	5.326172781
416.0325614	5.32936426
415.2494643	5.33248974
414.4663672	5.335546805
413.6832701	5.338532983
412.900173	5.341445737
412.1170759	5.34428247
411.3339789	5.347040522
410.5508818	5.349717168
409.7677847	5.35230962
408.9846876	5.354815022
408.2015905	5.357230453
407.4184934	5.359552924
406.6353963	5.361779378
405.8522992	5.36390669
405.0692021	5.365931664
404.286105	5.367851035
403.5030079	5.369661466
402.7199108	5.371359552
401.9368138	5.372941813
401.1537167	5.374404698
400.3706196	5.375744584
399.5875225	5.376957776
398.8044254	5.378040505
398.0213283	5.378988931
397.2382312	5.379799141
396.4551341	5.380467149
395.672037	5.380988897
394.8889399	5.381360257
394.1058428	5.381577027
393.3227457	5.381634937
392.5396487	5.381529646
391.7565516	5.381256747
390.9734545	5.380811761
390.1903574	5.380190147
389.4072603	5.379387298
388.6241632	5.378398543
387.8410661	5.377219152
387.057969	5.375844333
386.2748719	5.37426924
385.4917748	5.372488971
384.7086777	5.370498574
383.9255806	5.368293046
383.1424836	5.365867341
382.3593865	5.363216369
381.5762894	5.360335002
380.7931923	5.357218081
380.0100952	5.353860411
379.2269981	5.350256777
378.443901	5.346401938
377.6608039	5.342290643
376.8777068	5.337917625
376.0946097	5.333277617
375.3115126	5.32836535
374.5284155	5.323175564
373.7453185	5.317703013
372.9622214	5.311942472
372.1791243	5.305888744
371.3960272	5.299536669
370.6129301	5.292881129
369.829833	5.285917058
369.0467359	5.278639449
368.2636388	5.271043367
367.4805417	5.263123951
366.6974446	5.254876428
365.9143475	5.246296122
365.1312505	5.237378462
364.3481534	5.228118993
363.5650563	5.218513385
362.7819592	5.208557447
361.9988621	5.198247132
361.215765	5.187578551
360.4326679	5.176547982
359.6495708	5.165151883
358.8664737	5.153386901
358.0833766	5.141249884
357.3002795	5.128737889
356.5171824	5.115848198
355.7340854	5.102578324
354.9509883	5.088926023
354.1678912	5.074889305
353.3847941	5.060466444
352.601697	5.04565599
351.8185999	5.030456773
351.0355028	5.01486792
350.2524057	4.998888857
349.4693086	4.982519323
348.6862115	4.965759375
347.9031144	4.948609397
347.1200173	4.931070106
346.3369203	4.913142562
345.5538232	4.894828168
344.7707261	4.876128681
343.987629	4.857046214
343.2045319	4.837583238
342.4214348	4.81774259
341.6383377	4.797527471
340.8552406	4.776941449
340.0721435	4.755988461
339.2890464	4.734672809
338.5059493	4.712999164
337.7228522	4.690972558
336.9397552	4.668598387
336.1566581	4.645882403
335.373561	4.622830713
334.5904639	4.599449768
333.8073668	4.57574636
333.0242697	4.551727617
332.2411726	4.527400989
331.4580755	4.50277424
330.6749784	4.477855445
329.8918813	4.452652968
329.1087842	4.427175459
328.3256871	4.401431839
327.5425901	4.375431285
326.759493	4.349183221
325.9763959	4.322697299
325.1932988	4.295983386
324.4102017	4.269051551
323.6271046	4.241912045
322.8440075	4.21457529
322.0609104	4.187051859
321.2778133	4.159352458
320.4947162	4.131487915
319.7116191	4.103469159
318.928522	4.075307201
318.145425	4.047013123
317.3623279	4.018598054
316.5792308	3.990073161
315.7961337	3.961449623
315.0130366	3.932738624
314.2299395	3.90395133
313.4468424	3.875098874
312.6637453	3.846192343
311.8806482	3.817242762
311.0975511	3.788261078
310.314454	3.759258146
309.531357	3.730244716
308.7482599	3.70123142
307.9651628	3.672228758
307.1820657	3.643247087
306.3989686	3.61429661
305.6158715	3.585387364
304.8327744	3.556529211
304.0496773	3.527731828
303.2665802	3.499004699
302.4834831	3.470357104
301.700386	3.441798116
300.9172889	3.413336591
300.1341919	3.384981162
299.3510948	3.356740236
298.5679977	3.328621986
297.7849006	3.300634348
297.0018035	3.272785019
296.2187064	3.245081451
295.4356093	3.217530851
294.6525122	3.190140176
293.8694151	3.162916137
293.086318	3.135865192
292.3032209	3.10899355
291.5201238	3.082307168
290.7370268	3.055811754
289.9539297	3.029512767
289.1708326	3.003415415
288.3877355	2.977524664
287.6046384	2.951845233
286.8215413	2.926381597
286.0384442	2.901137996
285.2553471	2.876118428
284.47225	2.851326659
283.6891529	2.826766225
282.9060558	2.802440432
282.1229587	2.778352364
281.3398617	2.754504882
280.5567646	2.730900633
279.7736675	2.707542048
278.9905704	2.68443135
278.2074733	2.661570559
277.4243762	2.638961489
276.6412791	2.61660576
275.858182	2.594504799
275.0750849	2.572659841
274.2919878	2.551071938
273.5088907	2.529741958
272.7257936	2.508670595
271.9426966	2.487858365
271.1595995	2.467305617
270.3765024	2.447012534
269.5934053	2.426979133
268.8103082	2.407205276
268.0272111	2.387690668
267.244114	2.36843486
266.4610169	2.349437258
265.6779198	2.330697119
264.8948227	2.312213559
264.1117256	2.293985557
263.3286285	2.276011953
262.5455315	2.258291455
261.7624344	2.24082264
260.9793373	2.22360396
260.1962402	2.20663374
259.4131431	2.189910184
258.630046	2.173431378
257.8469489	2.157195289
257.0638518	2.141199772
256.2807547	2.125442572
255.4976576	2.109921322
254.7145605	2.094633551
253.9314635	2.079576686
253.1483664	2.064748049
252.3652693	2.050144868
251.5821722	2.035764273
250.7990751	2.021603301
250.015978	2.007658901
249.2328809	1.993927932
248.4497838	1.980407169
247.6666867	1.967093306
246.8835896	1.953982959
246.1004925	1.941072667
245.3173954	1.928358896
244.5342984	1.915838044
243.7512013	1.903506444
242.9681042	1.891360363
242.1850071	1.879396013
241.40191	1.867609549
240.6188129	1.855997072
239.8357158	1.84455464